parentID=11107
numObjects=327
10023
10089
10101
10258
10264
10266
10268
10525
4316
10535
10537
10539
10540
10541
10542
10543
10544
10545
4336
4337
10557
10558
10559
10560
10563
10564
10565
10573
10574
10580
10581
10582
10583
10584
10585
10586
10587
10588
10589
10590
10591
10592
10593
10594
10598
10599
10600
10601
10602
10603
1120
1121
1122
11510
11511
11512
11533
1175
1176
1177
1178
1179
1180
1226
1242
1247
1251
1285
1291
1292
1293
1296
1298
1299
1300
1305
1307
1308
1354
1355
1356
1357
1463
1464
1465
1466
1468
1469
1470
1471
1473
1474
1481
1611
1879
1880
2121
2147
2148
2149
2150
2151
2187
2188
2189
2193
2198
2200
2201
245
251
252
254
255
262
265
266
267
268
269
270
271
272
273
274
275
276
277
2773
2774
2775
2777
278
2780
2783
2786
2794
2799
2818
2819
2827
2858
2859
2860
2861
2862
2863
2864
2865
2866
2868
2871
2872
2873
2876
2877
2891
2892
2894
3361
3362
3363
3369
3370
382
4561
4647
4786
4787
4790
4791
5273
6440
6441
6501
6505
6506
6791
6796
6810
6811
6812
6814
6922
6923
6924
6925
6943
6944
6945
6946
6947
6948
6949
6950
6951
6952
6953
6954
6956
6957
7589
7590
7594
7646
7716
7925
802
803
8247
8251
8252
8254
8540
8581
8584
8595
8596
8598
8599
8601
8758
8760
8763
8764
9067
9068
9069
1181
11844
11845
11846
11847
11848
11849
253
260
258
261
256
259
257
547
263
2146
10470
10471
10472
10489
10495
676
677
1297
1234
2826
2825
13294
13464
10546
4317
13293
13295
13297
8512
13968
13964
13963
14002
13987
13998
13993
13989
13971
13979
13983
14119
11843
14172
14175
2782
4475
548
7715
7988
13455
13457
13458
14130
14131
14137
14140
14143
14148
11885
11940
264
8842
8513
4782
4783
4788
4789
1202
1201
14313
14355
14356
14357
14408
14409
14410
14411
14412
14413
14414
14416
14502
14503
14504
14505
14506
14635
14705
11889
4478
1152
1153