parentID=11960
numObjects=146
11980
11981
11982
11983
11943
11944
11945
11946
11947
11948
11949
11950
11951
11952
11953
11954
11955
11956
11957
11958
11959
8869
112
1885
1909
1912
1915
4438
6638
6654
6656
6749
6751
7676
7677
7678
7679
7680
7681
7684
7685
7686
7791
7937
7941
7959
7960
8328
8633
8793
887
896
8696
8698
8697
11996
11997
11998
11999
12000
12001
12002
12003
12004
14709
16045
3268
16769
16768
16909
17090
17091
17092
17093
17094
17095
17096
17097
17098
17099
17100
17101
17102
17103
17104
17105
17106
17107
17108
17109
17110
17111
17112
17113
17114
17115
17116
17170
17176
17177
17178
17179
17180
17181
17182
17183
17184
17185
17119
17120
17121
17122
17123
17124
17125
17126
17127
17128
17129
17130
17131
17132
17133
17134
17135
17136
17137
17138
17139
17140
17141
17142
17143
17144
17145
17146
17147
17148
17149
17150
17151
17152
17153
17154
17155
17156