parentID=14035
pattern
numObjects=95
7312
7702
7340
7341
7319
7336
7339
7314
7704
7350
7351
7317
7348
7349
7313
7703
7344
7345
7318
7342
7343
49
48
63
45
65
99
100
406
153
7380
7437
12014
7382
7436
12015
7383
7435
12016
7388
7434
12013
8972
8876
8875
8874
8873
10480
7379
7433
7381
7432
8052
2557
1874
1923
1876
1922
1875
2135
2136
2137
2158
2159
7377
7378
7438
8848
10223
9144
10206
9145
10205
9146
10204
9147
10203
9148
10202
9149
10201
9150
10200
9151
10199
9152
10198
9153
9154
9155
9157
9156
9158
7049
7040