parentID=14038
pattern
numObjects=93
7360
7360
7360
7360
7360
7360
7360
7371
7371
7371
7371
7371
7371
7371
7370
7370
7370
7370
7370
7370
7370
2719
1829
1829
1830
1830
1832
1832
1831
1831
8095
8095
8095
8096
8096
8096
8097
8097
8097
8102
8102
8102
8979
13210
13210
13210
13210
10517
8100
8100
8099
8099
8054
8054
1870
1870
1870
1870
1870
3073
3073
3073
3073
3073
8101
8098
8098
8852
8852
10359
10359
10375
10375
10367
10367
10319
10319
10335
10335
10351
10351
10303
10303
10343
10343
10327
10327
10383
10311
10295
10069
10069
10074