parentID=14868
pattern
numObjects=106
3559
3464
7488
3562
3463
3461
3462
3563
3560
3468
7599
3561
3467
3465
3466
3564
3529
3484
7493
3539
3483
3481
3482
3549
3526
3472
7489
3536
3471
3469
3470
3546
3527
3476
7490
3537
3475
3473
3474
3547
3529
3484
7493
3539
3483
3481
3482
3549
3530
3489
7492
3540
3488
3485
3487
3550
3528
3480
7491
3538
3479
3477
3478
3548
3531
3494
7596
3541
3493
3490
3492
3551
3532
3498
7597
3542
3497
3495
3496
3552
3534
3506
7600
3544
3505
3503
3504
3554
3535
3510
7595
3545
3509
3507
3508
3555
3533
3502
7601
3543
3501
3499
3500
3553
7494
7598