parentID=14931
pattern
numObjects=120
14936
14933
2178
14934
1036
1051
1052
14935
14936
14933
2178
14934
1036
1051
1052
14935
14936
14933
2178
14934
1036
1051
1052
14935
14936
14933
2178
14934
1036
1051
1052
14935
14936
14933
2178
14934
1036
1051
1052
14935
14936
14933
2178
14934
1036
1051
1052
14935
14936
14933
2178
14934
1036
1051
1052
14935
14936
14933
2178
14934
1036
1051
1052
14935
14936
14933
2178
14934
1036
1051
1052
14935
14936
14933
2178
14934
1036
1051
1052
14935
14936
14933
2178
14934
1036
1051
1052
14935
14936
14933
2178
14934
1036
1051
1052
14935
14936
14933
2178
14934
1036
1051
1052
14935
14936
14933
2178
14934
1036
1051
1052
14935
14936
14933
2178
14934
1036
1051
1052
14935