parentID=14932
pattern
numObjects=106
2884
2884
2884
2884
2884
2884
2884
2884
2885
2885
2885
2885
2885
2885
2885
2885
2939
2939
2939
2939
2939
2939
2939
2939
2955
2955
2955
2955
2955
2955
2955
2955
2931
2931
2931
2931
2931
2931
2931
2931
2939
2939
2939
2939
2939
2939
2939
2939
2920
2920
2920
2920
2920
2920
2920
2920
2947
2947
2947
2947
2947
2947
2947
2947
2956
2956
2956
2956
2956
2956
2956
2956
2932
2932
2932
2932
2932
2932
2932
2932
2940
2940
2940
2940
2940
2940
2940
2940
2921
2921
2921
2921
2921
2921
2921
2921
2948
2948
2948
2948
2948
2948
2948
2948
2913
2914