parentID=14930
pattern
numObjects=106
14860
14864
14867
14866
14862
14863
14865
14861
14860
14864
14867
14866
14862
14863
14865
14861
14860
14864
14867
14866
14862
14863
14865
14861
14860
14864
14867
14866
14862
14863
14865
14861
14860
14864
14867
14866
14862
14863
14865
14861
14860
14864
14867
14866
14862
14863
14865
14861
14860
14864
14867
14866
14862
14863
14865
14861
14860
14864
14867
14866
14862
14863
14865
14861
14860
14864
14867
14866
14862
14863
14865
14861
14860
14864
14867
14866
14862
14863
14865
14861
14860
14864
14867
14866
14862
14863
14865
14861
14860
14864
14867
14866
14862
14863
14865
14861
14860
14864
14867
14866
14862
14863
14865
14861
14867
14867