parentID=15061
numObjects=115
3592
3593
3594
3596
3597
3598
3601
3602
3603
3604
3606
10263
3607
10265
3610
10267
3613
3615
3619
3620
3622
3624
3625
3628
3629
3630
3631
3633
3634
3635
3636
3638
3639
3640
3643
3644
3645
3646
3648
3649
3651
3654
3655
3659
3660
3661
3663
3664
3665
3666
3668
3669
3670
3673
3674
3675
3676
3678
3679
3693
3695
3696
3697
3698
4733
3710
3716
3717
3718
3719
3720
3737
3738
10395
10396
10397
14494
14495
10398
10400
14496
10402
10403
14497
10405
10406
14498
10408
14499
14500
14501
10413
10414
4318
4830
4320
4321
4322
4323
4832
4833
4834
4831
6892
4339
4340
4341
4342
4343
3338
3351
3739
3740
8580
3741