parentID=15062
numObjects=105
1812
1814
1815
1816
1817
1818
1819
1820
1821
1822
1823
1825
1826
1827
1810
1811
1813
15207
15208
15209
15210
15211
15212
15213
15214
15216
15217
15218
15220
15221
15222
15223
15224
15225
15226
15227
15228
15229
15230
15231
15232
15233
15234
15235
15236
15237
15238
15239
15240
15241
15242
15243
15604
15605
15606
15607
15608
15609
15610
15611
15612
15613
15614
15615
15616
15617
15618
15619
15620
15621
15622
15623
15624
15625
15626
15627
15628
15629
15630
15631
15632
15633
14187
14189
14190
14191
14192
14193
14194
14195
14196
14197
14199
14200
14201
14202
14204
14205
14206
14207
14208
14209
14218
14219
14186