parentID=619
numObjects=142
190
189
191
62
183
61
96
139
144
521
416
606
605
497
498
860
847
859
851
863
1037
1053
1054
1015
1016
1039
1024
1031
1040
1025
1026
1041
1032
1337
1350
1362
1361
1379
1119
2099
2144
852
6779
7831
7832
7829
7830
11961
207
14571
10183
10182
10181
10180
10179
10178
10177
10176
10175
10174
10187
10189
10192
286
134
1617
2546
199
2180
202
201
200
203
14415
146
13627
13630
57
128
135
11564
13659
344
7394
7393
292
14430
8822
11575
11560
11565
8343
1387
496
7445
7446
6894
16882
956
955
952
957
960
959
961
962
947
963
965
966
969
968
953
970
972
971
973
958
951
949
967
974
975
976
948
425
564
8383
475
13497
1016
1024
1025
1026
1031
1032
1039
1040
1041
13483
2504
209