parentID=998
pattern
numObjects=86
977
979
978
980
8467
8468
22276
22273
22267
22263
22293
22307
22312
22332
22335
22319
22327
22324
22398
22396
22399
22397
22395
22401
22394
22400
8449
8450
22275
22274
22268
22264
22294
22308
22311
22333
22334
22320
22326
22325
22405
22407
22404
22406
22408
22402
22409
22403
981
983
22287
22290
22279
22280
22297
22303
22315
22342
22341
22369
22368
22364
22363
22367
22366
22362
22365
982
984
22288
22292
22277
22278
22298
22304
22316
22343
22340
22370
22371
22376
22377
22372
22373
22375
22374