parentID=999
pattern
numObjects=86
990
992
991
993
22464
22465
22461
22462
22459
22460
22458
22463
22454
22453
22452
22457
22455
22456
22445
22446
22444
22449
22447
22450
22451
22448
22486
22487
22484
22483
22481
22482
22480
22485
22476
22475
22474
22479
22477
22478
22467
22469
22466
22471
22468
22472
22473
22470
994
996
22429
22443
22428
22427
22430
22431
22432
22433
22434
22441
22442
22435
22436
22440
22439
22437
22438
995
997
22426
22424
22423
22425
22422
22421
22420
22419
22418
22411
22410
22417
22416
22412
22413
22415
22414